route =

    16    17    18    28    38    48    58    68    78    88


numExpanded =

     0